编号,实际值,预测值,误差
28568-A,2200,2223,-23
9372-B,2970,2903,67
16902-D,2270,2151,119
32768-B,3410,3985,-575
71847-B,2530,2096,434
58248-C,2930,2391,539
156360-B,2910,2910,0
148539-E,2020,1496,524
29005-B,2030,2231,-201
33473-B,2310,2695,-385
61876-C,1830,1971,-141
25852-D,1250,1176,74
2456-B,3110,2903,207
21417-D,1500,1452,48
151179-C,2870,2956,-86
37004-A,1500,1829,-329
23836-B,3660,3268,392
29917-A,1570,1502,68
38079-A,2140,2078,62
134431-C,2550,2282,268
36292-A,2630,2927,-297
145647-A,7480,6723,757
27628-C,1590,1551,39
24789-C,1290,1403,-113
148604-B,2260,2219,41
150178-C,1890,1926,-36
28040-B,4290,3278,1012
77452-A,1940,2228,-288
7910-C,2290,2445,-155
156589-A,2400,1975,425
157072-B,1730,2005,-275
117058-B,2620,2782,-162
306-A,1970,2027,-57
8572-D,2210,2929,-719
122421-C,1400,1466,-66
130442-B,2340,2565,-225
59086-A,6710,5314,1396
132007-D,2790,3016,-226
129128-A,5560,6071,-511
8321-B,2760,2541,219
140999-A,1290,1136,154
155895-A,1860,1889,-29
148866-B,2180,2057,123
81208-A,2860,2709,151
150023-A,7660,6791,869
26413-B,3260,3178,82
146867-A,3550,5212,-1662
12229-C,2460,2660,-200
34946-A,6830,5826,1004
12095-D,2950,3091,-141
24046-C,2850,2984,-134
153175-A,2780,2757,23
122636-A,3870,3087,783
33339-F,1900,2968,-1068
76947-C,1700,1653,47
377-B,1800,2310,-510
20334-B,2030,2461,-431
468-A,2590,2394,196
121404-B,1970,1778,192
125133-B,2000,2130,-130
139798-A,4280,4995,-715
63336-A,6260,4853,1407
67476-A,2850,2626,224
43694-C,1350,1580,-230
65708-A,1870,1936,-66
28-B,2630,2608,22
33766-C,3110,2544,566
149894-C,2870,2361,509
153389-C,3240,2928,312
11220-D,1980,1975,5
144084-A,3860,4584,-724
154718-A,2090,2869,-779
30566-A,3010,2711,299
5504-C,2750,2767,-17
9037-B,1940,1968,-28
152266-B,2020,2262,-242
38001-D,1690,1360,330
61929-C,2510,2530,-20
31414-B,1370,1203,167
129528-A,3450,3302,148
63834-C,1450,1521,-71
70381-A,3730,3301,429
13055-B,2270,2385,-115
74247-D,2720,2532,188
11870-A,3100,3416,-316
144681-A,6490,6920,-430
51763-D,2260,2241,19
69852-A,1560,1824,-264
33276-B,2760,2786,-26
3512-B,2730,2664,66
148604-C,2630,2673,-43
78754-B,3530,3585,-55
149894-A,1920,1647,273
152294-A,2570,2265,305
117227-A,2220,2257,-37
41039-B,2840,2892,-52
7538-F,2350,2200,150
67787-A,2760,3384,-624
65398-C,1720,1738,-18
16254-D,1390,1322,68
27397-D,1710,1612,98
51878-C,3040,2773,267
3815-D,2200,2400,-200
45436-C,2670,2753,-83
142943-B,3210,2986,224
152714-A,3150,2761,389
298-B,2550,2195,355
140272-A,4460,4927,-467
1486-C,2270,2012,258
129086-A,1710,1445,265
68332-C,2240,2134,106
150152-A,6530,4899,1631
55345-A,3380,3121,259
56186-C,1450,1515,-65
23257-B,2430,2130,300
32211-B,1940,2666,-726
152507-A,1440,1359,81
23630-A,3910,3481,429
65148-A,2760,2724,36
67964-B,1460,1644,-184
2187-C,2060,2151,-91
17622-A,3410,2867,543
69524-C,3140,2851,289
75859-A,1870,1961,-91
47309-A,3290,4764,-1474
70580-A,7480,6579,901
6176-A,3360,3139,221
131178-B,1550,1258,292
27870-A,1530,1229,301
19019-B,2360,2619,-259
28368-B,2660,2406,254
14070-D,4280,3626,654
3449-A,2130,2473,-343
11697-B,2290,2123,167
155060-A,6540,6436,104
132338-A,2040,2441,-401
144288-B,2760,2936,-176
70720-A,1900,1947,-47
18756-A,2060,2061,-1
130484-A,2490,2663,-173
7105-B,3050,2975,75
14938-D,3090,3076,14
69776-C,1890,1906,-16
56906-A,3250,3438,-188
8910-B,3620,3480,140
48391-D,1690,2034,-344
58286-C,1090,871,219
20806-D,2640,2786,-146
28658-A,2540,2800,-260
263-E,2740,2950,-210
13660-C,2540,2796,-256
43433-B,2350,2536,-186
141332-B,2580,2663,-83
137139-B,3290,3300,-10
19025-A,5140,6773,-1633
116881-D,1530,1326,204
32726-B,2740,2709,31
49688-B,2140,2469,-329
4446-C,3440,3113,327
119447-A,1850,2181,-331
19946-B,5500,7439,-1939
140524-A,7350,5288,2062
38001-C,1260,1165,95
4233-A,3180,3121,59
31809-B,2630,2614,16
52562-A,4270,4659,-389
37055-C,2370,2724,-354
119335-B,2540,2469,71
45617-B,2060,2546,-486
19805-B,2060,2461,-401
19934-B,1930,2461,-531
145264-A,9730,7436,2294
46953-B,2110,2233,-123
41623-A,2000,2317,-317
65335-A,4560,5265,-705
51861-A,2050,2667,-617
77035-C,2390,2651,-261
122562-B,3090,3446,-356
63213-C,2260,2054,206
54260-B,2550,2992,-442
10984-C,2710,2919,-209
35122-D,3220,3425,-205
135043-A,5370,5164,206
531-C,2780,2811,-31
76329-C,1890,2068,-178
22774-D,2180,2069,111
30630-A,2390,1936,454
25704-B,1790,1718,72
50619-B,3210,2736,474
58916-A,2300,2112,188
139583-C,2960,2599,361
153465-A,6290,5431,859
58809-C,2890,2804,86
28815-A,1960,1894,66
71235-B,3750,3425,325
8408-A,2310,2391,-81
9961-B,3100,3179,-79
42415-C,4300,3340,960
4125-B,3650,3217,433
136532-A,2150,2187,-37
43389-C,2290,2269,21
23111-B,2190,2375,-185
122765-B,1770,1789,-19
34434-B,1800,1804,-4
145005-B,2110,1725,385
1652-D,2650,2842,-192
11295-A,2650,2585,65
8262-B,2440,2507,-67
9150-C,3720,3811,-91
116505-A,2770,2807,-37
32670-C,2970,3186,-216
31532-B,1990,2594,-604
33217-A,1420,1616,-196
29673-B,2980,2471,509
135160-C,3080,3099,-19
8180-B,2980,2949,31
124512-B,2800,2975,-175
49740-B,1620,1516,104
59757-A,5310,5158,152
55511-A,7650,6022,1628
47817-B,1810,1919,-109
11403-C,2690,2662,28
79776-B,1650,1725,-75
72500-D,2760,2495,265
59185-B,4250,3441,809
4561-C,2530,2496,34
70652-C,2650,2643,7
41437-C,1300,1219,81
136368-C,3570,3228,342
52407-B,2260,2032,228
37972-A,2360,2258,102
18327-C,2660,2474,186
2589-B,2400,2253,147
45860-A,1600,1572,28
16203-B,2820,2724,96
127890-A,5340,6039,-699
77342-A,1730,2031,-301
66270-C,1840,1738,102
66324-C,2910,2927,-17
114541-A,1560,1463,97
44453-A,2490,2222,268
61477-A,2990,2773,217
17342-A,1540,1517,23
34977-C,2890,2614,276
14817-C,3060,2838,222
62764-A,1480,1730,-250
28149-D,2050,1879,171
65223-D,3410,4198,-788
17185-A,1300,1332,-32
63301-B,2050,2299,-249
114473-D,1790,1668,122
153445-B,1680,1565,115
34514-A,1480,1933,-453
1591-A,2540,2584,-44
152349-B,2570,2448,122
12983-B,2370,2386,-16
4439-A,2610,2848,-238
141303-A,2240,2288,-48
121125-A,3390,2547,843
149525-A,2440,2462,-22
80638-C,1510,1924,-414
70491-A,2690,2842,-152
19506-D,1860,1662,198
37476-A,3960,4758,-798
52083-C,3070,3049,21
56565-A,2140,1823,317
27755-C,2220,2196,24
3959-C,2690,2595,95
8945-C,3130,3150,-20
44329-D,1280,1429,-149
134282-A,4420,6340,-1920
145637-A,3410,2749,661
10040-C,2220,2527,-307
16553-A,1700,1530,170
21623-B,1860,2101,-241
26889-A,1750,1581,169
32659-B,1440,1137,303
3120-B,2490,2510,-20
150865-B,2590,2820,-230
79897-A,3450,3366,84
2769-C,2240,2123,117
54544-C,3710,3050,660
293-A,3690,3257,433
70134-D,1660,1705,-45
59813-B,2010,1876,134
114617-C,1800,1797,3
54485-A,2140,2158,-18
61451-B,2400,2557,-157
21918-C,2460,2578,-118
13779-B,2540,2635,-95
40514-A,1920,2407,-487
2184-B,2030,2179,-149
148991-A,4570,6547,-1977
25462-A,2160,2277,-117
33553-C,2020,1939,81
81486-C,1790,2148,-358
33303-A,1830,1935,-105
17984-D,2970,3043,-73
44810-B,2350,2393,-43
26582-C,2560,2688,-128
135764-C,2660,2947,-287
156840-C,1690,1517,173
76809-A,1950,1844,106
5214-A,2710,2515,195
37004-C,1580,1829,-249
29079-C,1410,1090,320
12921-A,2820,2868,-48
48548-A,3040,2913,127
306-B,2050,2157,-107
75464-A,1690,1458,232
37976-B,2560,2802,-242
65931-B,1660,1660,0
149941-C,2840,2604,236
52423-B,2420,2291,129
80134-B,1910,2451,-541
34993-B,1700,1516,184
142844-C,2990,3433,-443
45762-B,1880,1947,-67
146715-C,2650,2766,-116
141995-C,2810,2515,295
148723-A,2230,2004,226
65199-A,6410,5511,899
140653-A,2990,2986,4
143634-A,2200,2329,-129
34977-B,3300,2549,751
15963-A,2550,2643,-93
44317-B,2300,2343,-43
40725-C,3210,2574,636
6965-A,2870,2868,2
61654-B,1930,2116,-186
46784-B,1980,1881,99
54030-C,1760,1804,-44
132910-C,1620,1407,213
1020-B,3520,3552,-32
27324-C,1570,1835,-265
42193-D,1890,1684,206
14114-B,2670,2747,-77
140488-B,1920,2504,-584
58022-B,2930,2764,166
140177-B,2730,2435,295
39040-B,2010,2036,-26
13453-B,3330,3242,88
63281-A,7450,5854,1596
29550-D,1530,1572,-42
124539-C,2320,2628,-308
139430-A,2530,2780,-250
147233-A,5480,5595,-115
34857-A,4700,5453,-753
56700-C,2280,2499,-219
131622-A,3860,3191,669
2911-F,2490,2735,-245
13372-A,2550,2563,-13
156099-B,1890,1869,21
7972-C,3180,2717,463
12581-D,2650,2669,-19
12581-A,2880,2669,211
78684-A,2630,3015,-385
30697-B,2020,2526,-506
20789-C,2050,2461,-411
52664-B,2390,2626,-236
42651-C,1960,1814,146
116274-A,2300,2265,35
49607-A,3020,2764,256
137267-A,1980,2083,-103
21393-A,6200,5225,975
72264-B,2490,2429,61
140526-B,1580,1664,-84
27762-C,1950,1878,72
21324-A,2890,2894,-4
713-B,4210,3575,635
75121-A,1920,1863,57
21490-C,2020,2461,-441
132355-A,2230,1934,296
32673-A,2740,2885,-145
143724-A,1900,1517,383
22342-B,2000,2007,-7
36081-B,1780,2050,-270
48103-A,1640,1803,-163
62834-B,2000,1878,122
14869-B,2040,1831,209
19080-B,2430,2876,-446
26791-D,2940,2827,113
54221-C,1840,1920,-80
13330-A,2660,2691,-31
152158-A,8590,8264,326
125611-A,3160,3146,14
22629-A,2340,2208,132
128579-B,2570,2712,-142
145752-B,2820,2261,559
140150-A,2850,2885,-35
149207-C,2390,2439,-49
146716-A,5270,7770,-2500
52458-A,3650,3163,487
301-C,2470,2492,-22
137774-E,3100,2775,325
26636-B,2610,2696,-86
9836-D,3670,3212,458
150821-C,2190,2887,-697
73752-C,2730,2781,-51
62004-B,2130,2156,-26
2522-B,2610,2253,357
75817-C,1870,1895,-25
27568-C,1840,1895,-55
14507-E,3150,2904,246
51671-D,1510,1377,133
151544-A,2830,1832,998
118331-C,1620,2075,-455
135257-A,1290,1284,6
49614-C,2270,2032,238
36659-E,2200,3323,-1123
34235-B,2070,2253,-183
51940-B,1980,1831,149
145004-A,4440,5300,-860
126052-C,3880,3300,580
47252-A,4360,5485,-1125
2630-C,2480,2471,9
20299-B,1520,1490,30
33814-B,2320,2254,66
153116-A,5930,5140,790
5937-C,2840,3014,-174
57684-B,2920,2605,315
7618-E,2770,3105,-335
118396-A,3160,2561,599
18877-C,2110,2616,-506
38302-B,1700,1764,-64
124973-C,2500,2507,-7
79428-A,2410,2756,-346
131975-B,2720,2712,8
146372-B,1790,1953,-163
20032-A,2440,2878,-438
147367-C,2100,2212,-112
27714-A,2040,2667,-627
57791-C,1880,1897,-17
151951-B,2100,2070,30
1609-C,2060,2423,-363
153443-A,3170,3081,89
23454-B,2180,2091,89
119826-B,1870,1660,210
80092-A,2530,2236,294
6842-A,2370,2084,286
49974-A,1850,1893,-43
2879-A,2130,2123,7
47161-D,2680,2856,-176
77708-C,1710,1559,151
33787-B,2330,2630,-300
138101-A,2930,3346,-416
147541-A,5550,6051,-501
18181-B,2300,2125,175
3098-B,2720,2830,-110
152393-C,3180,2602,578
5176-D,2230,2285,-55
1500-C,2480,2676,-196
155412-B,3390,3201,189
1030-B,2590,2492,98
150484-A,3140,2782,358
120069-B,2210,2218,-8
48376-C,2440,2301,139
7121-C,2990,2721,269
254-C,3360,3248,112
3925-A,2350,2480,-130
24013-C,2400,2556,-156
69136-B,1740,2138,-398
78667-C,2840,2632,208
43636-B,2290,2445,-155
15740-B,2750,2644,106
134598-B,1650,2050,-400
61257-A,2250,2053,197
1571-B,2900,2785,115
58006-B,1860,1999,-139
125292-C,1400,1369,31
37446-C,3620,3221,399
29123-C,2420,2484,-64
64192-A,1930,2087,-157
122751-B,3450,4015,-565
14506-A,3100,3182,-82
29050-B,1600,1619,-19
33067-C,1880,1560,320
116274-B,2890,2849,41
11042-A,1850,1842,8
116578-B,4040,3751,289
374-B,4170,4416,-246
79570-D,3190,2986,204
150862-A,1790,1746,44
3932-C,2300,2301,-1
16902-C,1930,2086,-156
71859-B,1360,1381,-21
130611-B,2970,2467,503
7451-C,2310,2254,56
32007-B,3570,3502,68
132544-A,1770,1920,-150
4140-A,2460,2457,3
37424-B,3360,3253,107
49920-A,3220,3161,59
22010-B,3320,3627,-307
32630-D,1850,2020,-170
77542-C,2120,2654,-534
4034-C,3140,3123,17
43326-A,2500,2653,-153
44134-A,7580,7046,534
130508-A,2420,2230,190
30505-B,1900,1932,-32
157094-C,2110,1899,211
2797-B,2410,2123,287
26641-A,2140,2180,-40
3460-F,2050,2430,-380
44068-C,4380,3310,1070
43379-D,2300,2352,-52
49740-A,2220,2165,55
1779-C,2360,2735,-375
20283-D,2640,2786,-146
48653-C,1940,2197,-257
61325-B,2440,2577,-137
7042-A,4370,3320,1050
148984-B,2300,2200,100
53616-B,1970,2265,-295
46837-A,3300,2653,647
31984-C,2590,2912,-322
29204-B,2600,2507,93
46645-B,2390,2396,-6
149455-C,3180,2924,256
124954-B,2400,2602,-202
17830-A,9000,9788,-788
12014-E,2040,2636,-596
65154-A,1780,1804,-24
21050-D,2240,2496,-256
58796-A,2020,2473,-453
43905-C,2880,2216,664
2331-B,2460,2710,-250
62235-B,1770,1829,-59
32632-A,2070,2186,-116
31903-A,1570,1191,379
114623-B,2700,2610,90
305-A,2200,2301,-101
391-E,2150,2672,-522
66421-B,2170,2215,-45
55180-C,2590,3414,-824
23783-A,5210,4864,346
50464-A,2240,2652,-412
124342-C,1750,1876,-126
133552-D,1550,1555,-5
147896-A,10550,8787,1763
27875-B,2860,3046,-186
29818-A,1200,1218,-18
53221-C,2780,2428,352
5234-C,3290,3480,-190
64046-B,3540,3570,-30
29754-B,2330,2300,30
69886-A,4860,4018,842
68881-B,1340,1071,269
119737-A,3070,3066,4
51244-D,2730,2093,637
70536-A,3210,3490,-280
149667-B,2000,2230,-230
125719-A,4230,4284,-54
147912-A,1950,2102,-152
33970-A,3180,2884,296
10506-C,2830,2911,-81
8945-B,3220,3085,135
32030-C,2540,2648,-108
136108-B,2670,2763,-93
71657-A,1820,1810,10
36335-D,1490,1510,-20
20949-C,2420,2565,-145
21899-B,1510,1228,282
34720-A,2570,2854,-284
24915-C,1430,1291,139
10556-D,2400,2626,-226
69765-B,1940,2116,-176
123923-C,2980,3288,-308
8211-B,2680,2634,46
115322-A,1590,1674,-84
10546-B,2630,2552,78
66482-D,1450,1510,-60
5616-E,3790,3916,-126
38003-A,2500,2496,4
151300-B,2130,1946,184
51401-A,2150,2158,-8
74439-C,1700,1804,-104
59677-D,3770,3169,601
41701-A,3560,4391,-831
29460-C,2450,2643,-193
57684-A,3450,3254,196
80816-C,2140,2500,-360
117098-C,2110,1761,349
6966-B,1780,2339,-559
71659-B,1910,2077,-167
68261-C,2390,2643,-253
27023-D,1320,1687,-367
47257-A,2630,2480,150
16677-B,3360,3479,-119
118742-A,1770,1986,-216
49512-A,2550,2508,42
147707-C,2860,2755,105
30623-B,1840,1609,231
26559-B,1660,1673,-13
56807-A,2060,2078,-18
19550-C,2490,2188,302
59711-C,2050,1961,89
119440-A,2920,2262,658
52987-D,1650,1766,-116
11787-A,3250,2859,391
52988-C,3550,3293,257
26508-A,3280,2922,358
49287-B,4780,3424,1356
116388-C,3130,3231,-101
28166-C,2180,2038,142
138416-C,2220,2454,-234
6621-C,2260,2094,166
9088-A,6580,5479,1101
3870-D,2770,3107,-337
132910-E,2100,1667,433
3510-A,3040,2941,99
9806-D,1870,2009,-139
153837-A,5900,5498,402
73966-A,4390,4942,-552
71540-A,2180,2578,-398
51543-B,2850,2715,135
43928-A,1540,1504,36
129894-D,4360,3557,803
36267-B,2080,2131,-51
1268-C,2310,2194,116
47755-A,1610,1675,-65
74728-A,2040,2743,-703
3820-A,2570,2851,-281
137947-A,3210,2920,290
59392-C,1910,2343,-433
2533-A,2750,2984,-234
64752-A,5810,5105,705
19768-A,2090,2526,-436
24297-B,2180,2389,-209
20221-A,3760,3491,269
77732-D,1640,1516,124
54026-B,2200,1855,345
153850-D,1740,1697,43
48962-B,2130,2264,-134
28480-C,1230,1137,93
18983-C,2210,2162,48
61823-B,2250,2389,-139
19975-A,7090,6726,364
18909-A,6190,6735,-545
80716-A,2590,2808,-218
71627-A,3940,4344,-404
57806-C,2360,2102,258
19893-B,2980,2975,5
64847-A,5950,5318,632
8994-B,2440,2507,-67
49181-A,6050,4899,1151
40474-B,1780,2193,-413
24840-D,1200,1335,-135
13047-B,3060,2846,214
125133-A,2130,2455,-325
50811-D,2370,2623,-253
69296-B,2460,2593,-133
68508-B,3820,3611,209
7554-D,2550,2470,80
9528-B,3040,3148,-108
147560-B,2530,2719,-189
67317-B,3380,3527,-147
122624-C,3030,3009,21
140939-A,2630,2629,1
145439-C,2170,2060,110
119104-C,2900,2760,140
466-A,3260,3318,-58
155916-A,2290,2464,-174
48336-B,2410,2257,153
158919-A,1930,2084,-154
52286-D,2730,3200,-470
63260-B,2670,2507,163
35122-A,4450,4203,247
54010-C,2130,2040,90
42278-A,5550,4640,910
46147-C,2570,2625,-55
1885-C,3280,3887,-607
127220-B,3850,2897,953
11923-B,2110,2179,-69
5820-C,3490,3280,210
132232-A,1330,1239,91
4649-B,3030,3243,-213
70528-C,2480,3422,-942
27608-D,2690,2129,561
8942-A,2470,2480,-10
150933-A,6380,5465,915
67664-A,2680,2422,258
54030-B,2010,1999,11
55087-A,1950,1582,368
148105-A,2180,2226,-46
149205-B,3080,2919,161
38389-B,1870,2036,-166
31255-B,1790,1751,39
129586-A,2870,2609,261
156954-B,3970,3320,650
122645-D,1640,1897,-257
51225-D,2110,1490,620
61654-C,1780,2051,-271
8010-A,1910,1928,-18
2628-B,2440,2123,317
124455-E,2060,2354,-294
63951-A,1820,1797,23
149204-A,3210,2907,303
69888-B,3010,2920,90
20864-A,2030,2526,-496
124954-C,1650,2018,-368
153698-D,2320,2257,63
4726-F,2000,2403,-403
54095-C,2320,1847,473
140906-A,3610,3831,-221
53712-B,2440,2770,-330
34248-B,2450,2697,-247
33925-A,2900,2708,192
41039-A,3560,3346,214
19027-B,2380,2403,-23
47826-E,1650,2960,-1310
2447-A,2300,2288,12
78-C,2420,2566,-146
56614-A,2180,2557,-377
8698-B,2960,3155,-195
55662-B,1700,1640,60
140999-C,1460,1526,-66
133781-D,1900,1697,203
8448-C,1680,1831,-151
12952-B,2140,2626,-486
8502-A,2240,2445,-205
204-B,2640,2965,-325
139436-B,2000,2581,-581
26652-A,2740,2995,-255
147585-C,3140,3135,5
26990-C,2080,1931,149
18327-A,1800,1825,-25
30636-B,2580,2776,-196
150816-B,2020,1589,431
79833-C,3050,2980,70
43454-B,2100,1604,496
43031-D,2680,2445,235
61539-B,1680,1882,-202
77882-B,1900,1715,185
61874-B,2160,2183,-23
25098-B,2870,2380,490
19027-A,2590,2922,-332
73482-A,1390,1424,-34
218-C,2560,2752,-192
218-A,2550,2623,-73
133830-B,1570,1774,-204
115028-A,1440,1534,-94
9572-A,1440,1483,-43
122180-B,3720,2979,741
36115-D,1780,1391,389
69232-A,2840,2702,138
48614-C,2730,2401,329
62436-B,1970,2020,-50
47826-A,1420,1662,-242
49786-A,3040,2621,419
438-A,2860,3110,-250
21559-D,2650,2786,-136
43031-A,2470,2186,284
142363-C,1350,1340,10
26304-B,2150,2522,-372
156099-C,1790,1869,-79
12892-C,2340,2455,-115
268-C,2290,2176,114
17018-A,6400,6815,-415
12544-B,2230,2028,202
40707-C,1300,1627,-327
118059-A,1950,1816,134
117389-B,1680,1804,-124
19706-A,3030,3079,-49
57882-A,7220,6571,649
151411-D,2040,2171,-131
73054-A,3360,3108,252
5168-D,2500,2391,109
121522-C,1700,1603,97
135369-D,2650,2440,210
31704-A,2020,1939,81
35378-A,3860,3689,171
60306-B,4250,3673,577
32700-A,2220,2697,-477
150121-A,2840,2465,375
20986-C,1950,2461,-511
10921-A,2620,2552,68
124586-B,2090,2306,-216
43753-A,2610,2524,86
767-B,2030,2630,-600
28012-A,2520,2643,-123
28166-A,2240,2038,202
48416-B,2730,3087,-357
27386-B,1790,2324,-534
69546-A,1940,1933,7
149066-B,1740,1720,20
129601-D,4360,3188,1172
30551-B,2300,2521,-221
151685-A,2970,3159,-189
57942-A,2200,2443,-243
118406-A,2650,2502,148
150626-A,2840,2776,64
136638-A,1920,1916,4
9378-A,2370,2096,274
33621-A,1740,1804,-64
141232-B,3510,3024,486
31115-A,2270,2659,-389
48752-A,7970,5710,2260
7026-B,2210,2310,-100
121009-C,1880,2211,-331
140711-C,2370,2576,-206
65857-C,2550,3321,-771
134466-A,2920,2759,161
142922-A,1640,1621,19
64825-D,2860,3033,-173
42464-B,2930,2905,25
154020-B,4110,3503,607
153268-A,2340,2083,257
28173-B,1770,1862,-92
4013-A,2700,2625,75
13916-A,2440,2441,-1
51956-B,2400,2728,-328
72510-A,1830,1790,40
38299-A,2920,3080,-160
4574-B,2510,2821,-311
51493-C,1760,1811,-51
14770-A,3080,3412,-332
32972-B,3040,2795,245
76472-C,2880,3143,-263
25741-D,1810,1856,-46
22622-A,5110,4681,429
52621-C,1750,1770,-20
43546-B,2010,1919,91
61451-C,2340,2492,-152
25691-A,1860,1418,442
13768-A,4850,5625,-775
61949-C,1580,1582,-2
1128-B,2660,2845,-185
6135-A,2490,2589,-99
8707-A,2430,2732,-302
63291-B,2350,2597,-247
44286-B,3250,3430,-180
124721-A,3040,3031,9
20854-B,2200,2619,-419
137165-A,3780,3377,403
68800-B,1830,1766,64
129141-B,2590,2510,80
135944-A,1890,1659,231
146202-B,3500,3145,355
140849-D,2600,2384,216
55179-A,2620,3295,-675
1251-C,2620,2970,-350
64226-B,2290,2022,268
51440-B,2900,2773,127
2588-A,3060,2864,196
67981-B,2680,2675,5
129679-D,2700,2891,-191
124321-C,1950,2057,-107
15201-A,7190,6776,414
8210-C,2470,2484,-14
58055-C,1810,1803,7
4891-C,2360,2578,-218
17641-B,2260,2198,62
75276-C,1860,1922,-62
44046-C,2510,2919,-409
1027-G,2350,3386,-1036
26887-A,1520,1596,-76
26589-A,1280,1283,-3
34219-C,2500,2530,-30
25753-B,2080,2165,-85
597-B,2880,2418,462
156589-B,2730,2299,431
122751-A,3860,4339,-479
18471-A,6290,6485,-195
6318-D,2580,2905,-325
75060-C,2500,2650,-150
45898-B,2230,2227,3
8928-B,3020,2820,200
23312-A,3630,3228,402
55617-D,2020,2124,-104
150765-B,1990,2292,-302
74365-A,2600,2679,-79
145506-A,8080,9603,-1523
33479-A,2610,2732,-122
77965-C,1990,1984,6
47010-A,4970,5083,-113
41840-B,1340,1316,24
132355-D,2190,1739,451
150671-A,1980,1985,-5
38992-A,2700,3052,-352
116947-C,1820,1589,231
67527-B,2780,2600,180
26431-D,2060,2120,-60
15768-B,4200,3714,486
17337-B,2120,2366,-246
29935-A,1440,1332,108
2178-A,2760,3063,-303
1480-B,1990,1795,195
143233-C,3620,3501,119
1619-B,4460,3449,1011
2560-C,2240,2475,-235
136781-A,2300,2302,-2
121988-C,2100,2547,-447
3407-A,2450,2635,-185
31449-C,1510,1395,115
37615-B,1500,1516,-16
145873-B,2430,2386,44
125699-A,2860,2849,11
122384-C,2580,2218,362
149631-A,4170,6193,-2023
44011-A,5370,5431,-61
1332-A,2350,2194,156
139531-B,1820,1934,-114
5616-D,2240,2424,-184
23527-B,1560,1678,-118
37619-A,1880,1718,162
13619-C,2910,3070,-160
46775-A,2160,1976,184
27714-B,1620,2018,-398
1208-B,2170,2695,-525
62298-B,2500,2544,-44
1217-B,2190,2423,-233
65029-C,1670,1824,-154
25556-A,1420,1533,-113
138500-C,3460,2778,682
42480-C,1870,1859,11
33070-B,3040,2779,261
133205-B,2770,2312,458
154321-A,4030,3653,377
26097-C,1450,1534,-84
126186-D,3500,3085,415
11131-C,2540,2407,133
32052-D,1830,2112,-282
158275-B,2560,3336,-776
65840-B,3070,3033,37
29511-A,1920,2044,-124
20066-A,2300,2786,-486
58034-A,2210,1908,302
35220-B,2370,2396,-26
59677-C,3280,2910,370
49128-C,1380,1442,-62
20635-A,2440,2569,-129
41169-A,1920,1833,87
12884-A,2780,2909,-129
132758-A,2880,3434,-554
142955-A,2550,2538,12
27668-D,2290,2697,-407
54032-B,3040,3339,-299
45193-B,2430,2252,178
116933-A,1760,1715,45
154502-B,2510,2335,175
65434-A,4320,3632,688
2104-B,2170,2309,-139
30392-B,1960,1797,163
36267-D,2300,3234,-934
62211-C,2380,2626,-246
43885-C,2480,2571,-91
23736-A,1910,2389,-479
74344-A,2430,2531,-101
30651-B,1720,1659,61
145763-C,2540,2616,-76
44228-A,2160,2898,-738
71808-C,2740,2649,91
5225-C,2990,3158,-168
124237-B,2500,2489,11
49268-C,3050,3220,-170
53490-A,1420,1490,-70
61256-A,2870,2982,-112
120656-B,2170,2236,-66
17628-B,4030,4081,-51
39984-A,3390,2788,602
10921-B,2130,1903,227
67558-A,2150,2148,2
64401-A,3430,3951,-521
51504-D,1550,1572,-22
23736-B,1800,2324,-524
27352-B,1250,1340,-90
69671-C,2840,2595,245
10867-D,2190,2568,-378
63592-B,1490,1629,-139
36459-E,2400,2285,115
38800-C,3430,2822,608
7255-B,1920,1903,17
47661-C,2270,1987,283
138613-A,6270,7865,-1595
42515-B,1860,1991,-131
72084-C,1830,1727,103
77080-A,2630,2545,85
67891-A,5250,4669,581
35309-C,2690,3211,-521
140805-A,1670,1777,-107
60334-B,4050,3416,634
67664-C,4280,3525,755
119124-B,2310,2162,148
29273-B,1690,1938,-248
927-A,3280,3373,-93
14949-A,2100,2634,-534
22386-C,2850,2653,197
118865-A,2840,2993,-153
121504-A,2650,2878,-228
55655-B,3500,3493,7
125524-B,2230,2389,-159
55839-C,2360,2219,141
36775-D,1230,1637,-407
7543-A,2130,2475,-345
2141-C,2360,2818,-458
78679-B,2330,2272,58
78818-A,2430,2366,64
1539-B,2650,2725,-75
33023-C,2560,2383,177
148494-A,4690,7595,-2905
74416-B,2620,2662,-42
2331-A,2320,2646,-326
118396-B,3140,2366,774
11662-B,3180,3142,38
38738-B,1720,1684,36
125125-B,3180,4040,-860
13834-A,2450,2664,-214
151194-A,1690,1784,-94
66360-B,1960,1885,75
121384-C,2610,2731,-121
35192-A,3570,3617,-47
137583-A,4220,5100,-880
44860-D,2180,1841,339
37976-A,2940,3256,-316
116679-B,2850,2807,43
47245-B,2470,2611,-141
2465-B,2730,2903,-173
7742-B,2960,3242,-282
54954-C,2130,2777,-647
35-A,2430,2373,57
52037-B,2110,2033,77
43400-B,1900,1807,93
42701-A,1410,1770,-360
19604-D,2570,2366,204
138179-B,3000,3080,-80
138493-A,3020,3021,-1
1598-E,3350,3164,186
128161-A,5450,5781,-331
41818-B,4100,3444,656
7972-B,3220,2847,373
139430-C,2290,2586,-296
7823-A,2130,2607,-477
69548-A,3670,3093,577
81332-B,2910,3683,-773
59162-D,1330,1301,29
33229-A,1640,1732,-92
50638-D,2870,2557,313
148027-A,2110,2405,-295
52323-C,1980,2500,-520
56036-A,2420,2009,411
23801-B,2850,2987,-137
123986-C,1460,1537,-77
13405-B,2860,2449,411
55579-B,2750,3451,-701
50145-B,2550,2613,-63
33428-B,1490,1553,-63
21506-D,3210,3684,-474
24457-C,1740,2418,-678
54686-B,3040,3803,-763
26524-A,1620,1490,130
131622-C,4270,3516,754
40741-A,4330,4507,-177
3906-C,3150,2838,312
143730-B,2820,1970,850
11254-D,3670,3497,173
35348-B,2450,2697,-247
27995-C,1690,1640,50
155887-B,2550,2777,-227
158369-B,1610,1615,-5
2140-C,2830,2568,262
150991-B,2000,1783,217
2408-B,2580,2725,-145
20617-A,2530,2618,-88
6672-C,3500,3061,439
67997-B,1910,1862,48
67862-B,3380,3410,-30
12466-A,1650,1903,-253
152507-B,1520,1489,31
27755-B,2560,2845,-285
115964-A,1790,1633,157
35394-B,1330,1397,-67
136445-A,6080,5820,260
56754-B,1990,1984,6
149975-A,7090,7413,-323
31390-C,3480,4095,-615
43421-C,1680,1924,-244
36721-A,3470,4758,-1288
9071-B,3120,2824,296
13309-B,2810,2697,113
25237-B,2840,2613,227
27478-A,2030,2063,-33
9419-A,2140,2073,67
122537-B,2820,2755,65
165-B,2340,2536,-196
26374-B,3040,3349,-309
25190-C,1800,1913,-113
1804-B,3120,2788,332
69698-B,2430,2705,-275
75581-C,2010,1990,20
2761-C,3340,2651,689
28355-C,1580,1587,-7
66861-C,1700,1743,-43
30932-B,2220,2147,73
60324-A,1310,1349,-39
23809-A,2430,2197,233
154721-B,2810,2958,-148
52770-C,1780,1731,49
146818-A,2200,2304,-104
37573-A,2940,3221,-281
52884-A,2830,2691,139
64335-D,2630,2858,-228
7554-C,2500,2405,95
39839-C,2260,2469,-209
59711-A,1430,1442,-12
154552-A,2600,2599,1
123559-B,2040,2236,-196
146720-A,6900,7957,-1057
6314-B,2450,2682,-232
24501-B,1410,1442,-32
135856-C,2130,2259,-129
54620-A,2620,3414,-794
8942-B,3260,3453,-193
28861-A,2120,2399,-279
27843-B,2120,2186,-66
157448-A,2990,2423,567
37922-B,2410,2653,-243
11023-A,5480,5321,159
143679-A,2240,2004,236
70760-A,3290,3545,-255
58726-A,2890,2876,14
66325-A,3590,4942,-1352
32805-A,2580,2717,-137
9179-A,2630,2958,-328
2532-B,2250,2096,154
136596-B,1730,2089,-359
125156-B,2450,2837,-387
154132-B,2630,2489,141
141294-B,1870,1789,81
19708-A,1790,1550,240
125719-B,3690,3765,-75
156528-D,1490,1607,-117
48572-B,1930,2329,-399
30994-A,2000,2453,-453
17037-A,2630,2756,-126
17544-D,2480,2186,294
18529-C,1460,1365,95
122279-B,1660,1744,-84
2133-C,2390,2715,-325
40884-B,2760,2791,-31
815-B,3500,3261,239
25320-C,2690,2984,-294
151943-A,1900,1577,323
151682-A,3620,5674,-2054
130413-A,1980,2267,-287
374-D,3280,3248,32
121148-D,2520,2353,167
157072-A,1990,2524,-534
141219-B,1960,2174,-214
69693-C,2820,2418,402
841-B,2950,2926,24
57534-C,2380,2516,-136
34961-A,1510,1674,-164
146339-B,2550,2222,328
67630-B,1920,1830,90
32225-B,2000,2465,-465
116933-B,2110,1845,265
28371-E,1590,1226,364
144342-B,2380,2407,-27
154826-B,3110,2560,550
13002-B,1910,2418,-508
50642-A,1760,1712,48
75324-D,2900,2503,397
126143-C,1280,1331,-51
380-D,2830,2463,367
52765-B,1650,1680,-30
9806-B,1300,1230,70
19177-C,1930,2061,-131
51867-A,2110,2180,-70
123301-A,1840,1770,70
80611-C,2200,2695,-495
8494-A,2280,2173,107
131694-B,2970,3021,-51
66217-C,2500,2756,-256
135573-A,2130,2277,-147
52988-A,3140,2903,237
8221-C,2550,2383,167
63570-A,5270,5714,-444
147663-C,2420,2327,93
18518-A,3950,5825,-1875
61359-B,2520,2492,28
152012-A,7760,6589,1171
150533-A,11590,7442,4148
47839-C,2100,2128,-28
150158-C,1750,1671,79
43185-B,1980,1784,196
77882-A,2130,2105,25
137945-A,1720,1782,-62
10154-C,1870,1928,-58
55851-B,2070,2137,-67
152664-C,2570,2637,-67
37781-B,2020,1812,208
148072-A,2780,2549,231
3170-A,2530,2530,0
32303-A,1110,932,178
43157-A,1340,1489,-149
151096-B,2180,2522,-342
141128-A,4300,3740,560
31181-A,2600,2702,-102
140856-B,1970,1674,296
157448-B,3420,2942,478
78679-A,3060,2856,204
125628-B,1710,1654,56
22961-B,1930,2461,-531
148945-B,2400,2626,-226
35164-B,2480,2724,-244
140816-C,2480,2288,192
66429-B,2770,2642,128
129679-B,3960,3475,485
5128-B,2240,2695,-455
58708-C,2090,2175,-85
132891-C,2790,2480,310
28371-D,1570,1551,19
13449-A,3700,4221,-521
23722-C,2790,2673,117
130915-A,2980,3079,-99
15663-C,2700,2700,0
145679-B,1780,2257,-477
32545-A,1440,1072,368
5614-C,2830,2462,368
153133-A,2860,2763,97
47163-B,2410,2545,-135
43978-A,2020,1750,270
128768-A,1930,2110,-180
124741-A,2280,2180,100
19263-C,2040,2461,-421
52540-A,1680,1680,0
149339-A,2760,2394,366
122870-A,2500,2495,5
69646-A,2000,2720,-720
32398-C,1490,1430,60
30968-A,1430,1770,-340
6089-B,2400,2294,106
33133-B,1310,1133,177
593-B,3140,2999,141
887-B,2970,2903,67
36717-B,3440,2913,527
124997-D,2200,2443,-243
3348-B,2700,2610,90
4601-C,2900,3050,-150
61603-C,4130,3489,641
38746-B,2120,2363,-243
14060-B,2450,3002,-552
40993-B,1840,1707,133
16256-A,4400,5429,-1029
17066-D,1820,2008,-188
48514-D,2580,2469,111
2140-B,2370,2244,126
39984-B,3830,3437,393
17173-A,2060,1893,167
135585-C,2250,2277,-27
133982-B,3580,3364,216
2596-B,2670,2192,478
26775-B,3130,2623,507
11021-A,2530,2158,372
51501-B,1660,1530,130
133510-C,2710,2339,371
19175-B,2830,3220,-390
940-A,2760,2467,293
40160-C,3550,3799,-249
22883-A,1810,2022,-212
120409-A,3770,3629,141
10906-C,2410,2545,-135
137304-A,1840,1660,180
57705-C,2790,2861,-71
27019-B,1490,1488,2
6426-B,2660,2289,371
143269-B,2720,2716,4
19308-A,2190,2565,-375
71150-A,1570,1829,-259
140145-C,2670,2700,-30
19347-A,2220,2526,-306
154007-B,1730,1935,-205
8520-C,2160,2459,-299
3479-B,2470,2427,43
156779-B,3800,3279,521
33002-A,1580,1770,-190
17804-A,2380,2756,-376
14506-B,3080,2922,158
30943-A,1420,1285,135
16203-C,2200,2270,-70
13171-B,2560,2418,142
25571-B,1540,1387,153
135007-A,1880,1926,-46
29047-B,3110,3162,-52
55959-C,1430,1469,-39
60150-A,2520,2693,-173
153867-A,5200,6541,-1341
5973-C,2200,2033,167
56496-D,2400,2856,-456
2335-D,2380,1963,417
33271-B,1340,1549,-209
80823-B,2350,3140,-790
6870-D,2190,2235,-45
26234-C,2270,2681,-411
119798-C,3000,2905,95
19327-C,1940,2461,-521
54028-A,3230,3671,-441
24931-D,1780,2240,-460
131622-B,5690,4230,1460
53850-B,2700,2780,-80
9065-D,3310,2872,438
142774-D,2060,1960,100
28028-C,1930,2061,-131
11169-C,2230,2342,-112
145884-A,6480,5784,696
13628-C,1990,1582,408
50285-B,2720,2260,460
122041-B,1640,1864,-224
145608-A,2280,2895,-615
57441-A,2200,2050,150
15295-A,3930,5299,-1369
43821-A,2370,2619,-249
114462-A,1730,1686,44
152415-A,2070,2277,-207
936-C,3030,2811,219
78052-B,1580,1660,-80
4649-A,2760,2984,-224
122208-C,1570,1799,-229
53754-A,1990,2046,-56
66453-A,1980,1830,150
18972-B,2370,2876,-506
51501-E,1730,1660,70
152278-C,2250,1874,376
151419-B,3170,2900,270
52423-C,3470,3199,271
119440-B,3490,2716,774
79918-A,1700,1596,104
74804-B,3140,3296,-156
2692-A,2260,2480,-220
32001-C,1310,2468,-1158
23795-A,3380,3847,-467
531-D,2510,2551,-41
157219-B,4730,4242,488
144497-A,9570,7631,1939
79869-C,3210,2845,365
54638-B,3160,3290,-130
129969-B,3340,2770,570
146129-A,4980,7443,-2463
135630-A,1640,1875,-235
46968-B,3010,3178,-168
115878-A,1750,1924,-174
1833-B,2410,2584,-174
141864-A,3080,2910,170
4701-A,2060,2147,-87
39378-A,4260,5708,-1448
32218-A,2180,2277,-97
1149-C,4330,3239,1091
121082-B,3230,2918,312
47962-B,3450,3023,427
5982-A,2440,2616,-176
147991-B,3560,3187,373
2335-B,2790,2223,567
141025-B,2630,2391,239
138425-A,3210,3641,-431
114547-B,2010,1944,66
54010-A,3380,3143,237
39620-B,2770,2891,-121
39804-A,5100,6561,-1461
146444-A,9350,6788,2562
24391-B,2030,1782,248
143157-D,3180,3479,-299
148848-B,3490,2936,554
69090-A,4790,4650,140
31833-B,2460,2164,296
120663-B,2300,2281,19
19861-B,2360,2264,96
67049-B,2090,2375,-285
72211-A,2000,1979,21
54544-A,2580,2271,309
12801-A,3880,3415,465
120880-C,2210,2254,-44
5687-C,2650,2449,201
58833-C,2710,2456,254
136040-B,3680,2684,996
147678-A,3320,4000,-680
70681-B,1530,1710,-180
56329-B,2850,2965,-115
37-B,2790,2893,-103
22763-F,2890,2942,-52
153810-B,3590,2712,878
34907-A,1490,1798,-308
4350-C,2350,2510,-160
26636-C,2760,2761,-1
47228-C,1900,1871,29
14404-B,2090,2311,-221
72138-D,2290,2062,228
8816-D,3050,2780,270
14699-A,6250,6208,42
52349-C,2460,2392,68
5488-B,2090,2473,-383
70879-B,2400,2575,-175
130318-A,2960,3149,-189
147372-A,2330,1792,538
60559-A,2670,2772,-102
2324-A,1980,2475,-495
6878-B,2750,2613,137
138589-B,2590,2355,235
58636-B,2280,2233,47
152291-B,2100,1889,211
68326-C,1630,1644,-14
43836-A,3180,3140,40
139287-B,5320,3931,1389
37662-A,7560,5595,1965
28926-B,2870,2914,-44
47863-A,4380,3683,697
64605-A,3770,3704,66
37943-B,2870,2861,9
6621-B,2350,2224,126
18523-B,1490,1601,-111
54448-C,1470,1530,-60
54253-A,2180,2004,176
140152-C,2110,2485,-375
130320-B,1810,1896,-86
68621-C,1720,1997,-277
30240-C,2200,2565,-365
9796-A,1830,1975,-145
138639-C,2280,2598,-318
75464-C,1600,2107,-507
2247-A,2030,2475,-445
49211-D,2690,2739,-49
35273-C,1920,2324,-404
47612-C,2210,2131,79
1016-B,2890,3224,-334
47813-A,1690,1804,-114
58566-A,2230,2440,-210
19014-A,5450,5753,-303
43085-A,2540,2480,60
80009-C,1930,1760,170
32730-C,2240,2567,-327
143297-A,6100,7314,-1214
8963-C,4480,3995,485
34687-C,1670,1674,-4
107-C,2590,2366,224
152061-B,2830,2742,88
38302-A,1790,1699,91
2384-D,2520,2442,78
141810-B,2820,3197,-377
156354-A,7420,6589,831
150857-A,8150,7161,989
47279-A,2570,2318,252
1902-C,2730,2642,88
116727-B,1610,1560,50
124321-A,1800,1862,-62
127239-A,4400,3538,862
135510-A,4300,3315,985
141654-B,2540,2500,40
157439-A,3450,2826,624
60287-C,1410,1386,24
19893-D,3360,3364,-4
2542-C,2700,2848,-148
28658-C,2170,2475,-305
138322-B,1350,1246,104
989-A,2760,2751,9
21905-C,1600,1587,13
27735-A,3160,2510,650
35739-A,5990,5158,832
61593-B,1530,1218,312
13487-A,2050,2034,16
2523-B,2450,2123,327
19461-C,1570,1452,118
21231-C,2910,2983,-73
12186-F,3660,3187,473
118951-B,1970,2036,-66
7139-B,1760,1823,-63
10-A,4820,4289,531
19244-C,2680,2153,527
131950-C,2480,2756,-276
59853-A,4970,5430,-460
151846-A,2860,2803,57
40270-A,2160,2317,-157
18204-B,3110,2905,205
11317-A,2690,2391,299
145986-A,5580,5370,210
7845-D,2350,2186,164
31224-B,2230,2648,-418
47751-B,1670,1666,4
35610-B,1600,1321,279
56981-A,2520,2183,337
30526-A,3480,3555,-75
19019-C,2080,2554,-474
20233-A,1870,1767,103
21905-D,1620,1587,33
28327-A,3750,3228,522
7683-A,1720,1991,-271
43256-D,3540,3442,98
44329-A,1410,1429,-19
72912-E,2410,2082,328
65312-B,2500,2691,-191
137089-A,2880,3569,-689
49155-B,2060,2328,-268
36201-A,4720,5453,-733
37712-B,3290,2871,419
148064-A,8130,6144,1986
48261-B,1680,2018,-338
27620-D,2400,2719,-319
24942-C,3280,2859,421
149246-A,1840,2006,-166
119928-B,3090,3138,-48
133617-B,1510,1354,156
29351-C,1490,1137,353
122173-A,2000,2124,-124
925-B,2160,2565,-405
8476-B,2510,2691,-181
24184-A,2790,3135,-345
120-C,3100,3053,47
56925-B,2940,3269,-329
27830-C,1590,1835,-245
17803-C,1690,1452,238
35737-B,2230,2115,115
143798-B,2470,2474,-4
52323-B,1960,2630,-670
133195-B,2260,2249,11
14293-C,2690,2617,73
26662-D,2510,2846,-336
65496-A,3240,3418,-178
2894-C,2920,2896,24
141469-A,1860,1726,134
34217-B,2900,3535,-635
32985-C,2050,2441,-391
65423-B,1950,1989,-39
12931-A,3120,3239,-119
28257-B,3480,3242,238
55918-B,2390,2357,33
61823-A,2010,2453,-443
149505-B,2130,2316,-186
153642-B,3700,3496,204
43884-C,1810,2655,-845
79428-C,2230,2107,123
8085-D,2530,2764,-234
135391-C,2390,2100,290
1220-B,2970,2903,67
47315-C,2110,1984,126
148583-A,2280,2345,-65
147639-B,2460,2298,162
58012-A,2290,2175,115
5234-A,2700,2767,-67
374-C,3470,3248,222
20376-B,2700,3374,-674
52771-A,1010,1108,-98
2555-B,2550,2537,13
1652-B,2220,2388,-168
44329-F,1350,1364,-14
53160-A,3360,3225,135
136921-B,3810,3125,685
119176-C,2620,2613,7
9584-C,2470,2373,97
122537-A,3100,2690,410
143301-C,2560,2711,-151
19384-A,1700,1856,-156
123565-C,1960,2078,-118
146866-A,4730,3768,962
52707-C,2650,2617,33
46114-A,2940,2494,446
125292-D,1310,1239,71
2050-C,2230,2216,14
522-B,2460,2639,-179
35394-C,1900,1981,-81
122164-A,1940,1912,28
18410-C,2160,1900,260
16843-A,2840,3240,-400
5324-B,2910,2776,134
128849-A,3850,4677,-827
45884-A,6140,5468,672
65954-B,2070,1797,273
47211-C,2500,2674,-174
24767-A,1410,1412,-2
143295-A,3080,2811,269
114473-A,1700,1538,162
3222-B,2260,2273,-13
29314-D,1720,1490,230
57327-A,2680,2994,-314
147009-C,2250,2341,-91
77342-B,1860,2096,-236
55169-C,2700,2935,-235
125699-B,3140,3173,-33
151113-A,9660,9819,-159
81332-D,2230,3034,-804
147935-A,3920,5302,-1382
56665-A,2080,2167,-87
48223-A,1850,1913,-63
74567-B,1820,2485,-665
152484-A,1720,1889,-169
391-A,2100,2672,-572
135777-C,1670,1804,-134
62718-C,3060,2877,183
66061-B,2130,2083,47
7524-C,2620,2669,-49
120929-A,3320,3281,39
8572-B,2080,2799,-719
42949-B,2370,2182,188
134681-C,2530,2253,277
148838-B,2880,2876,4
35122-B,3150,3489,-339
34003-D,2690,3315,-625
50176-A,3020,3219,-199
44438-C,3190,2659,531
49064-C,1590,1711,-121
52110-A,1740,1804,-64
11632-A,6030,5790,240
150161-A,4760,4677,83
55354-D,2020,1955,65
49119-B,2920,3594,-674
8977-B,2380,2123,257
152005-A,9330,8254,1076
1756-C,3450,3466,-16
152481-C,1920,1985,-65
1675-A,2200,2512,-312
33254-B,3700,3062,638
131493-B,2600,2222,378
62622-C,1530,1667,-137
124953-B,2570,2629,-59
62277-A,1830,2018,-188
23340-A,6190,5825,365
9558-B,3070,2986,84
39016-A,2330,2136,194
11489-A,3470,3098,372
16401-C,2630,2756,-126
78287-B,3120,3110,10
143315-A,4730,5965,-1235
56140-C,1890,1688,202
56270-B,1700,2083,-383
53364-C,1950,2064,-114
116255-D,2140,1884,256
34600-C,1860,1816,44
9836-C,2880,3082,-202
152507-C,1410,1295,115
46719-C,2690,2805,-115
33146-B,1490,1744,-254
121174-A,2000,1977,23
57959-B,1940,1830,110
117876-A,2590,2238,352
50006-A,4300,3239,1061
51162-D,3340,3056,284
67862-A,2850,3150,-300
147328-B,2740,2335,405
145609-A,2960,3113,-153
36951-A,3500,3275,225
17145-C,1370,1291,79
47765-A,1710,2199,-489
79520-B,2740,2861,-121
22996-A,2070,1897,173
19454-C,2460,2441,19
29954-C,1330,1331,-1
119307-C,1820,1971,-151
254-D,4460,4026,434
139569-A,5470,4277,1193
8710-D,3290,3282,8
146754-B,2120,1769,351
1407-B,2580,2739,-159
140078-B,2350,2496,-146
152294-B,2740,2460,280
30461-B,2370,2453,-83
12333-C,2450,2667,-217
68210-A,2410,2691,-281
8234-C,1970,2735,-765
150512-B,2860,3038,-178
125395-A,1070,1121,-51
6441-C,2960,2647,313
140526-C,1400,1664,-264
36222-B,1860,2131,-271
139628-A,2840,3289,-449
